6843
8894
0299
5247
6776
9668
9004
6712
9534
8748
3101
1089
0554
0672
0225
9573
1213
4990
1020
4206
5811
5197
4626
9351
2025
7603
0748
9553
1708
2425
0305
0950
6983
7422
4961
4669
5781
9598
0415
5645
4138
7324
7397
7628
0716
6557
3591
4987
1813
2639
9223
0743
9966
4246
1646
9329
2143
0963
3114
1034
2047
6338
9304
4850
0165
8540
2260
7144
5132
2937
4154
4377
2067
3430
2360
7522
3736
0608
2079
7950
0629
0597
7146
0970
8680
0466
1422
7078
2564
0831
4534
2370
0352
8679
8266
4107
6064
6031
0164
1230
6472
8535
0397
3281
1623
7649
5562
1916
