9157
1839
5363
1085
2791
2969
0673
7168
0654
2713
6495
8694
9386
6112
7675
5721
2484
0297
6948
0975
9890
4730
7631
5912
9880
4264
8840
2194
3122
4871
1228
9447
9672
0904
0621
6403
0277
0641
0872
2086
5765
8400
2241
3683
6204
2856
6021
4669
7712
9345
1120
1980
0533
3890
5475
4706
1434
2047
7262
8052
4986
5828
0515
6774
3482
9355
4299
2951
0579
8164
5753
7228
4087
0470
2625
9869
5276
7390
4151
2481
0915
8544
7829
6252
9732
5813
2658
5201
0385
8169
0073
7402
0324
2914
4247
1643
4102
6210
5498
8710
9077
3448
0092
7613
4227
9700
0363
