1898
1815
0319
0483
7690
6205
6949
1938
7618
9984
4403
2625
7693
1075
3024
2385
1621
6458
5071
7297
7938
8481
2417
6339
9948
2171
5877
6808
7468
2572
4873
9700
9266
5971
0058
8919
9123
5837
8642
1107
3839
4574
2841
2303
6745
2226
8936
2403
2445
0152
8835
6567
4298
6329
2189
2822
0201
1571
5105
7227
6943
6920
0289
6207
9397
3079
6646
5601
1831
2045
1954
6468
4943
2041
6112
1586
0800
7658
4205
1082
2967
6819
0092
9988
5445
9037
1514
1260
6033
8670
4532
8237
3069
3208
0804
9100
5207
5008
1528
8111
7371
4210
1789
0802
8506
3449
0376
5162
0747
