1611
9605
9763
2844
8902
4147
3913
9546
0399
6174
1966
8774
4106
5544
0982
0562
8592
0068
9004
2952
5442
6409
9689
0497
5225
3043
0231
3148
5917
1014
1051
1714
9965
6439
0960
5642
2456
2217
9891
1142
2114
5950
0937
7769
1723
1423
1093
3003
8421
1561
7154
5668
9111
1264
8849
3249
6095
8518
6133
4261
8045
5617
9034
4811
4786
3703
0680
5183
5149
4171
3456
7863
3281
8540
4261
7189
1521
3607
5657
4034
0853
0621
6597
1138
7459
4566
3651
4694
2395
0923
7604
8443
0484
7309
7086
2136
6007
5553
3789
7359
0474
2372
3980
3696
6343
8377
4938
4743
7194
