8894
8932
2363
1749
3656
3484
0170
2434
3247
4455
1484
8901
8395
0764
3057
7770
0049
0066
0831
0111
9984
6515
9121
0557
4299
6904
3312
1565
2135
8333
8208
1711
0881
1032
8573
7139
0516
5384
4239
9286
4846
7894
1666
1036
0372
7947
2812
6948
5979
7496
5891
6440
3754
5823
1032
1034
8296
3114
4641
4697
9739
9361
2039
2215
0667
1781
5392
8537
2417
0122
3394
4887
0571
1335
8178
1606
3166
0789
5477
4154
8097
6520
3783
0133
8068
9975
1166
3392
5398
1619
6353
4532
4575
3341
2677
3272
1287
2913
7683
1087
8271
3537
3449
4593
7993
7088
4047
7999
