3747
5700
5713
2835
3241
7093
1415
3698
2425
8428
1508
9549
6920
5932
3331
6539
7562
5899
1615
2998
8742
7811
1499
9588
2149
2212
5315
4564
3954
4006
3051
2272
2194
3714
2354
3042
0540
5108
8327
5008
0107
0222
9416
4190
2144
8734
1820
7716
3278
5239
0618
0112
4439
7105
7587
7014
6883
4720
8955
0582
4722
8813
9022
0074
2327
3754
0239
1565
1269
4881
2531
1885
0252
5394
1310
8476
3094
9889
2344
0286
4066
5517
2582
6996
7457
5294
3902
3155
5043
0192
2657
1205
8405
3961
8563
5725
0366
9714
2831
2452
9077
0782
5143
0139
4508
1363
6762
8416
