0573
5407
5161
1869
9391
7006
6234
8295
3093
5780
1594
9417
4960
3707
0695
3924
6397
9437
0353
3302
3139
7992
2616
2020
8056
4332
0927
2336
4787
6506
2328
3553
2801
3154
4257
4172
0906
3429
7836
2731
9023
2465
3685
5497
2915
2077
4283
3101
7725
8004
7320
4502
6967
3016
2396
1138
5001
1095
9462
4814
6050
8320
4426
2868
0676
7184
0433
2967
1702
2551
3761
4012
0576
1326
8715
4082
1132
1857
7792
2389
6311
1949
8068
2759
4332
5361
3188
1217
9758
5823
4014
9499
8384
8013
2163
3971
3125
5746
7898
1597
6956
1538
6852
9630
4390
0843
2941
5081
