3630
1564
5891
3589
0193
3108
8119
7422
7826
4045
0376
0990
4707
0279
4655
0559
6996
5507
6815
2092
0508
0050
8947
6397
8283
3439
6660
0665
2751
3576
2820
1766
0825
4457
9617
2076
9304
5259
0055
7634
0544
4520
3805
1330
8184
5532
8327
5891
5025
0536
7531
4104
9729
4227
6238
4228
4747
7479
8710
1924
1217
0264
2472
2991
0175
7284
3064
8775
7751
9362
5122
4802
4600
5638
9559
5196
0873
7280
0724
8115
9337
0851
9427
2804
9132
3199
8681
4067
5718
3380
4514
4315
7477
2135
0707
5480
2250
9197
7879
6768
7816
9468
7057
9468
7057
2718
9999
3898
