8874
9722
3066
1567
7789
7051
3487
4946
8971
2804
2094
3991
5195
6851
3300
4126
4177
2251
4606
5385
9199
0356
5783
4187
7341
6527
6709
3436
0630
6127
7224
1252
0666
7539
2070
1543
1107
9337
8579
2000
4681
8300
7946
1251
4873
6829
1405
9582
6437
5538
6163
0022
5431
7243
0462
5238
3667
8457
6239
9917
8295
4998
6666
7771
2377
0372
0465
3206
5120
7137
0764
3238
3460
1330
3917
3222
4737
7415
7871
5465
9269
3830
7333
2737
1055
9379
6838
7678
6214
6518
8086
6926
1462
2751
5341
7942
4349
4611
4871
6982
4364
2031
4672
5262
4380
8268
9083
9631
1164
